3
60
taillard
tai04_04_01.txt   4 4     193
tai04_04_02.txt   4 4     236
tai04_04_03.txt   4 4     271
tai04_04_04.txt   4 4     250
tai04_04_05.txt   4 4     295
tai04_04_06.txt   4 4     189
tai04_04_07.txt   4 4     201
tai04_04_08.txt   4 4     217
tai04_04_09.txt   4 4     261
tai04_04_10.txt   4 4     217
tai05_05_01.txt   5 5     300
tai05_05_02.txt   5 5     262
tai05_05_03.txt   5 5     323
tai05_05_04.txt   5 5     310
tai05_05_05.txt   5 5     326
tai05_05_06.txt   5 5     312
tai05_05_07.txt   5 5     303
tai05_05_08.txt   5 5     300
tai05_05_09.txt   5 5     353
tai05_05_10.txt   5 5     326
tai07_07_01.txt   7 7     435
tai07_07_02.txt   7 7     443
tai07_07_03.txt   7 7     468
tai07_07_04.txt   7 7     463
tai07_07_05.txt   7 7     416
tai07_07_06.txt   7 7     451
tai07_07_07.txt   7 7     422
tai07_07_08.txt   7 7     424
tai07_07_09.txt   7 7     458
tai07_07_10.txt   7 7     398
tai10_10_01.txt   10 10   637
tai10_10_02.txt   10 10   588
tai10_10_03.txt   10 10   598
tai10_10_04.txt   10 10   577
tai10_10_05.txt   10 10   640
tai10_10_06.txt   10 10   538
tai10_10_07.txt   10 10   616
tai10_10_08.txt   10 10   595
tai10_10_09.txt   10 10   595
tai10_10_10.txt   10 10   596
tai15_15_01.txt   15 15   937
tai15_15_02.txt   15 15   918
tai15_15_03.txt   15 15   871
tai15_15_04.txt   15 15   934
tai15_15_05.txt   15 15   946
tai15_15_06.txt   15 15   933
tai15_15_07.txt   15 15   891
tai15_15_08.txt   15 15   893
tai15_15_09.txt   15 15   899
tai15_15_10.txt   15 15   902
tai20_20_01.txt   20 20   1155
tai20_20_02.txt   20 20   1241
tai20_20_03.txt   20 20   1257
tai20_20_04.txt   20 20   1248
tai20_20_05.txt   20 20   1256
tai20_20_06.txt   20 20   1204
tai20_20_07.txt   20 20   1294
tai20_20_08.txt   20 20   1169
tai20_20_09.txt   20 20   1289
tai20_20_10.txt   20 20   1241
52
brucker
j3-per0-1         3 3     0
j3-per0-2         3 3     0
j3-per10-0        3 3     0
j3-per10-1        3 3     0
j3-per10-2        3 3     0
j3-per20-0        3 3     0
j3-per20-1        3 3     0
j3-per20-2        3 3     0
j4-per0-0         4 4     0
j4-per0-1         4 4     0
j4-per0-2         4 4     0
j4-per10-0        4 4     0
j4-per10-1        4 4     0
j4-per10-2        4 4     0
j4-per20-0        4 4     0
j4-per20-1        4 4     0
j4-per20-2        4 4     0
j5-per0-0         5 5     1042
j5-per0-1         5 5     1054
j5-per0-2         5 5     1063
j5-per10-0        5 5     1004
j5-per10-1        5 5     1002
j5-per10-2        5 5     1006
j5-per20-0        5 5     1000
j5-per20-1        5 5     1000
j5-per20-2        5 5     1012
j6-per0-0         6 6     1056
j6-per0-1         6 6     1045
j6-per0-2         6 6     1063
j6-per10-0        6 6     1005
j6-per10-1        6 6     1021
j6-per10-2        6 6     1012
j6-per20-0        6 6     1000
j6-per20-1        6 6     1000
j6-per20-2        6 6     1000
j7-per0-0         7 7     1048
j7-per0-1         7 7     1055
j7-per0-2         7 7     1056
j7-per10-0        7 7     1013
j7-per10-1        7 7     1000
j7-per10-2        7 7     1011
j7-per20-0        7 7     1000
j7-per20-1        7 7     1005
j7-per20-2        7 7     1003
j8-per0-1         8 8     1039
j8-per0-2         8 8     1052
j8-per10-0        8 8     1020
j8-per10-1        8 8     1002
j8-per10-2        8 8     1002
j8-per20-0        8 8     1000
j8-per20-1        8 8     1000
j8-per20-2        8 8     1000
80   
gueret-prins   
GP03-01.txt       3 3     1168
GP03-02.txt       3 3     1170
GP03-03.txt       3 3     1168
GP03-04.txt       3 3     1166
GP03-05.txt       3 3     1170
GP03-06.txt       3 3     1169
GP03-07.txt       3 3     1165
GP03-08.txt       3 3     1167
GP03-09.txt       3 3     1162
GP03-10.txt       3 3     1165
GP04-01.txt       4 4     1281
GP04-02.txt       4 4     1270
GP04-03.txt       4 4     1288
GP04-04.txt       4 4     1261
GP04-05.txt       4 4     1289
GP04-06.txt       4 4     1269
GP04-07.txt       4 4     1267
GP04-08.txt       4 4     1259
GP04-09.txt       4 4     1280
GP04-10.txt       4 4     1263
GP05-01.txt       5 5     1245
GP05-02.txt       5 5     1247
GP05-03.txt       5 5     1265
GP05-04.txt       5 5     1258
GP05-05.txt       5 5     1280
GP05-06.txt       5 5     1269
GP05-07.txt       5 5     1269
GP05-08.txt       5 5     1287
GP05-09.txt       5 5     1262
GP05-10.txt       5 5     1254
GP06-01.txt       6 6     1264
GP06-02.txt       6 6     1285
GP06-03.txt       6 6     1255
GP06-04.txt       6 6     1275
GP06-05.txt       6 6     1299
GP06-06.txt       6 6     1284
GP06-07.txt       6 6     1290
GP06-08.txt       6 6     1265
GP06-09.txt       6 6     1243
GP06-10.txt       6 6     1254
GP07-01.txt       7 7     1159
GP07-02.txt       7 7     1185
GP07-03.txt       7 7     1237
GP07-04.txt       7 7     1167
GP07-05.txt       7 7     1157
GP07-06.txt       7 7     1193
GP07-07.txt       7 7     1185
GP07-08.txt       7 7     1180
GP07-09.txt       7 7     1220
GP07-10.txt       7 7     1270
GP08-01.txt       8 8     1130
GP08-02.txt       8 8     1135
GP08-03.txt       8 8     1110
GP08-04.txt       8 8     1153
GP08-05.txt       8 8     1218
GP08-06.txt       8 8     1115
GP08-07.txt       8 8     1126
GP08-08.txt       8 8     1148
GP08-09.txt       8 8     1114
GP08-10.txt       8 8     1161
GP09-01.txt       9 9     1129
GP09-02.txt       9 9     1110
GP09-03.txt       9 9     1116
GP09-04.txt       9 9     1130
GP09-05.txt       9 9     1180
GP09-06.txt       9 9     1093
GP09-07.txt       9 9     1091
GP09-08.txt       9 9     1106
GP09-09.txt       9 9     1123
GP09-10.txt       9 9     1112
GP10-01.txt       10 10   1093
GP10-02.txt       10 10   1097
GP10-03.txt       10 10   1081
GP10-04.txt       10 10   1083
GP10-05.txt       10 10   1073
GP10-06.txt       10 10   1071
GP10-07.txt       10 10   1080
GP10-08.txt       10 10   1095
GP10-09.txt       10 10   1115
GP10-10.txt       10 10   1092